Trial: 11
Params: {'learning_rate': 1.057867663808968e-05, 'num_train_epochs': 10, 'train_batch_size': 16, 'weight_decay': 0.19048301190939565}
ROUGE-2: 0.0631
