Trial: 11
Params: {'train_batch_size': 32, 'learning_rate': 2.9786434074341154e-05, 'weight_decay': 0.09747823381776355, 'num_train_epochs': 9, 'warmup_steps': 1608}
ROUGE-2: 0.11
