Trial: 0
Params: {'learning_rate': 1.6155670746714905e-05, 'num_train_epochs': 7, 'train_batch_size': 16, 'weight_decay': 0.23891409664172059}
ROUGE-2: 0.1097
