Trial: 0
Params: {'learning_rate': 2.5022782627607525e-05, 'num_train_epochs': 7, 'train_batch_size': 8, 'weight_decay': 0.0.14163826307677974}
ROUGE-2: 0.1276