Trial: 3
Params: {'learning_rate': 2.1315684567097167e-05, 'num_train_epochs': 7, 'train_batch_size': 64, 'weight_decay': 0.0698605091901909}
ROUGE-2: 0.1113
